ISP2023Z,20231213,1038,30305,30319,30290,30290,6,48
ISP2023Z,20231213,1039,30285,30290,30285,30290,4,7
ISP2023Z,20231213,1040,30290,30295,30290,30295,1,7
ISP2023Z,20231213,1041,30295,30295,30285,30285,2,18
ISP2023Z,20231213,1042,30290,30290,30290,30290,1,1
ISP2023Z,20231213,1043,30295,30300,30295,30300,2,3
ISP2023Z,20231213,1044,30300,30300,30300,30300,0,29
ISP2023Z,20231213,1045,30300,30300,30300,30300,0,9
ISP2023Z,20231213,1047,30300,30300,30300,30300,0,1
ISP2023Z,20231213,1048,30300,30300,30300,30300,0,2
ISP2023Z,20231213,1049,30300,30300,30300,30300,0,2
ISP2023Z,20231213,1052,30300,30300,30300,30300,0,16
ISP2023Z,20231213,1054,30300,30300,30300,30300,0,6
ISP2023Z,20231213,1055,30300,30300,30300,30300,0,1
ISP2023Z,20231213,1056,30300,30300,30300,30300,0,3
ISP2023Z,20231213,1057,30300,30300,30300,30300,0,1
ISP2023Z,20231213,1058,30300,30300,30295,30295,1,9
ISP2023Z,20231213,1100,30295,30295,30295,30295,0,1
ISP2023Z,20231213,1102,30300,30300,30300,30300,1,9
ISP2023Z,20231213,1103,30300,30300,30300,30300,0,10
ISP2023Z,20231213,1104,30295,30295,30295,30295,1,1
ISP2023Z,20231213,1106,30295,30295,30295,30295,0,2
ISP2023Z,20231213,1107,30295,30295,30295,30295,0,4
ISP2023Z,20231213,1109,30300,30300,30300,30300,1,1
ISP2023Z,20231213,1110,30300,30300,30300,30300,0,3
ISP2023Z,20231213,1111,30295,30295,30295,30295,1,3
ISP2023Z,20231213,1116,30300,30300,30300,30300,1,1
ISP2023Z,20231213,1117,30295,30295,30290,30290,2,16
ISP2023Z,20231213,1118,30285,30285,30285,30285,1,3
ISP2023Z,20231213,1119,30280,30280,30275,30275,2,4
ISP2023Z,20231213,1120,30280,30280,30280,30280,1,2
ISP2023Z,20231213,1125,30280,30280,30280,30280,0,8
ISP2023Z,20231213,1126,30280,30280,30280,30280,0,5
ISP2023Z,20231213,1127,30280,30280,30280,30280,0,3
ISP2023Z,20231213,1130,30280,30280,30280,30280,0,3
ISP2023Z,20231213,1131,30275,30275,30275,30275,1,3
ISP2023Z,20231213,1132,30270,30275,30270,30275,2,13
ISP2023Z,20231213,1133,30275,30275,30275,30275,0,3
ISP2023Z,20231213,1134,30275,30275,30275,30275,0,1
ISP2023Z,20231213,1135,30275,30275,30275,30275,0,1
ISP2023Z,20231213,1136,30275,30275,30275,30275,0,3
ISP2023Z,20231213,1137,30275,30275,30270,30270,1,2
ISP2023Z,20231213,1139,30270,30270,30270,30270,0,2
ISP2023Z,20231213,1141,30270,30270,30270,30270,0,2
ISP2023Z,20231213,1142,30265,30265,30265,30265,1,3
ISP2023Z,20231213,1143,30265,30265,30265,30265,0,12
ISP2023Z,20231213,1144,30265,30265,30265,30265,0,7
ISP2023Z,20231213,1145,30270,30270,30270,30270,1,1
ISP2023Z,20231213,1146,30270,30270,30270,30270,0,8
ISP2023Z,20231213,1147,30265,30265,30265,30265,1,2
ISP2023Z,20231213,1149,30270,30270,30270,30270,1,1
ISP2023Z,20231213,1150,30270,30270,30270,30270,0,2
ISP2023Z,20231213,1152,30270,30270,30270,30270,0,8
ISP2023Z,20231213,1153,30275,30275,30275,30275,1,3
ISP2023Z,20231213,1154,30270,30270,30270,30270,1,3
ISP2023Z,20231213,1158,30265,30265,30265,30265,1,2
ISP2023Z,20231213,1159,30265,30270,30265,30270,1,3
ISP2023Z,20231213,1200,30270,30270,30270,30270,0,4
ISP2023Z,20231213,1201,30265,30265,30265,30265,1,2
ISP2023Z,20231213,1208,30265,30265,30265,30265,0,2
ISP2023Z,20231213,1209,30260,30265,30260,30265,2,9
ISP2023Z,20231213,1210,30260,30260,30260,30260,1,3
ISP2023Z,20231213,1211,30260,30265,30260,30265,1,10
ISP2023Z,20231213,1212,30265,30265,30265,30265,0,4
ISP2023Z,20231213,1214,30265,30265,30265,30265,0,2
ISP2023Z,20231213,1215,30265,30265,30265,30265,0,1
ISP2023Z,20231213,1219,30265,30265,30265,30265,0,7
ISP2023Z,20231213,1221,30260,30260,30260,30260,1,6
ISP2023Z,20231213,1224,30255,30255,30255,30255,1,5
ISP2023Z,20231213,1226,30255,30255,30255,30255,0,6
ISP2023Z,20231213,1227,30255,30255,30255,30255,0,2
ISP2023Z,20231213,1229,30260,30260,30260,30260,1,4
ISP2023Z,20231213,1231,30260,30260,30260,30260,0,2
ISP2023Z,20231213,1232,30260,30260,30260,30260,0,1
ISP2023Z,20231213,1233,30260,30260,30260,30260,0,1
ISP2023Z,20231213,1236,30255,30255,30255,30255,1,4
ISP2023Z,20231213,1237,30255,30255,30255,30255,0,1
ISP2023Z,20231213,1238,30255,30255,30255,30255,0,1
ISP2023Z,20231213,1239,30255,30255,30255,30255,0,4
ISP2023Z,20231213,1241,30255,30255,30255,30255,0,1
ISP2023Z,20231213,1242,30250,30250,30235,30240,5,23
ISP2023Z,20231213,1243,30240,30240,30240,30240,0,12
ISP2023Z,20231213,1244,30240,30240,30240,30240,0,1
ISP2023Z,20231213,1245,30240,30240,30240,30240,0,1
ISP2023Z,20231213,1246,30240,30240,30235,30240,2,14
ISP2023Z,20231213,1249,30245,30245,30245,30245,1,4
ISP2023Z,20231213,1250,30245,30245,30245,30245,0,5
ISP2023Z,20231213,1251,30245,30250,30245,30245,2,21
ISP2023Z,20231213,1252,30245,30245,30245,30245,0,2
ISP2023Z,20231213,1253,30250,30250,30250,30250,1,12
ISP2023Z,20231213,1254,30255,30255,30255,30255,1,1
ISP2023Z,20231213,1255,30255,30260,30255,30260,1,12
ISP2023Z,20231213,1256,30260,30260,30260,30260,0,3
ISP2023Z,20231213,1257,30255,30260,30255,30260,2,4
ISP2023Z,20231213,1258,30260,30260,30255,30255,1,4
ISP2023Z,20231213,1259,30260,30265,30260,30260,3,5
ISP2023Z,20231213,1300,30255,30275,30255,30275,5,9
ISP2023Z,20231213,1301,30280,30280,30280,30280,1,11
ISP2023Z,20231213,1302,30300,30340,30300,30310,8,17
ISP2023Z,20231213,1303,30310,30315,30305,30315,2,3
ISP2023Z,20231213,1304,30320,30330,30320,30320,6,40
ISP2023Z,20231213,1305,30320,30340,30320,30340,5,10
ISP2023Z,20231213,1306,30345,30345,30320,30320,7,18
ISP2023Z,20231213,1307,30320,30330,30320,30330,2,7
ISP2023Z,20231213,1308,30325,30330,30325,30330,2,5
ISP2023Z,20231213,1309,30340,30345,30340,30340,3,11
ISP2023Z,20231213,1310,30340,30340,30335,30340,2,12
ISP2023Z,20231213,1311,30335,30335,30335,30335,1,3
ISP2023Z,20231213,1312,30335,30340,30335,30340,1,5
ISP2023Z,20231213,1313,30345,30345,30345,30345,1,1
ISP2023Z,20231213,1315,30345,30345,30345,30345,0,10
ISP2023Z,20231213,1316,30350,30350,30345,30350,3,8
ISP2023Z,20231213,1317,30350,30365,30350,30360,4,14
ISP2023Z,20231213,1318,30355,30360,30355,30355,3,16
ISP2023Z,20231213,1319,30360,30360,30360,30360,1,9
ISP2023Z,20231213,1320,30360,30370,30360,30370,2,11
ISP2023Z,20231213,1321,30375,30380,30370,30370,6,9
ISP2023Z,20231213,1322,30370,30385,30370,30385,3,9
ISP2023Z,20231213,1323,30385,30385,30385,30385,0,2
ISP2023Z,20231213,1324,30385,30385,30380,30380,1,3
ISP2023Z,20231213,1325,30370,30375,30370,30375,2,5
ISP2023Z,20231213,1326,30375,30375,30375,30375,0,3
ISP2023Z,20231213,1327,30375,30375,30375,30375,0,6
ISP2023Z,20231213,1328,30375,30375,30370,30375,2,4
ISP2023Z,20231213,1330,30380,30380,30380,30380,1,5
ISP2023Z,20231213,1332,30365,30380,30360,30370,6,12
ISP2023Z,20231213,1333,30370,30375,30370,30370,2,14
ISP2023Z,20231213,1334,30380,30385,30380,30385,4,13
ISP2023Z,20231213,1335,30385,30390,30385,30390,1,36
ISP2023Z,20231213,1336,30395,30395,30385,30385,3,17
ISP2023Z,20231213,1337,30390,30390,30390,30390,1,1
ISP2023Z,20231213,1338,30390,30395,30390,30395,1,4
ISP2023Z,20231213,1339,30395,30405,30395,30405,2,13
ISP2023Z,20231213,1340,30410,30415,30410,30410,3,8
ISP2023Z,20231213,1341,30415,30420,30415,30420,2,7
ISP2023Z,20231213,1342,30420,30435,30420,30425,4,10
ISP2023Z,20231213,1343,30420,30420,30415,30415,2,4
ISP2023Z,20231213,1344,30425,30435,30425,30435,3,4
ISP2023Z,20231213,1345,30430,30435,30430,30435,2,9
ISP2023Z,20231213,1346,30440,30440,30435,30440,5,14
ISP2023Z,20231213,1347,30440,30450,30440,30450,2,3
ISP2023Z,20231213,1348,30445,30445,30430,30445,6,21
ISP2023Z,20231213,1349,30450,30455,30445,30455,8,33
ISP2023Z,20231213,1350,30450,30455,30450,30455,2,8
ISP2023Z,20231213,1351,30455,30455,30450,30455,2,13
ISP2023Z,20231213,1352,30460,30475,30460,30470,5,25
ISP2023Z,20231213,1353,30470,30485,30470,30480,6,21
ISP2023Z,20231213,1354,30485,30485,30480,30485,5,14
ISP2023Z,20231213,1355,30485,30500,30485,30495,6,26
ISP2023Z,20231213,1356,30495,30500,30490,30500,6,27
ISP2023Z,20231213,1357,30505,30515,30505,30505,7,31
ISP2023Z,20231213,1358,30510,30520,30510,30520,3,18
ISP2023Z,20231213,1359,30525,30535,30525,30525,7,34
ISP2023Z,20231213,1400,30520,30520,30510,30515,3,7
ISP2023Z,20231213,1401,30515,30515,30500,30510,7,31
ISP2023Z,20231213,1402,30510,30515,30510,30515,1,8
ISP2023Z,20231213,1403,30525,30525,30525,30525,1,2
ISP2023Z,20231213,1404,30525,30530,30525,30530,1,9
ISP2023Z,20231213,1405,30535,30535,30530,30530,2,8
ISP2023Z,20231213,1406,30540,30540,30535,30535,4,14
ISP2023Z,20231213,1407,30535,30535,30530,30530,1,9
ISP2023Z,20231213,1408,30530,30530,30520,30530,4,6
ISP2023Z,20231213,1409,30525,30525,30510,30510,3,7
ISP2023Z,20231213,1410,30510,30510,30495,30495,4,18
ISP2023Z,20231213,1411,30500,30500,30500,30500,1,4
ISP2023Z,20231213,1412,30495,30500,30495,30495,3,10
ISP2023Z,20231213,1413,30495,30495,30495,30495,0,8
ISP2023Z,20231213,1414,30490,30490,30490,30490,1,4
ISP2023Z,20231213,1415,30490,30490,30490,30490,0,3
ISP2023Z,20231213,1416,30495,30495,30490,30490,2,8
ISP2023Z,20231213,1417,30495,30495,30495,30495,1,1
ISP2023Z,20231213,1418,30500,30500,30495,30495,2,4
ISP2023Z,20231213,1419,30490,30495,30490,30495,4,19
ISP2023Z,20231213,1420,30495,30495,30495,30495,0,1
ISP2023Z,20231213,1421,30490,30490,30490,30490,1,4
ISP2023Z,20231213,1422,30490,30490,30490,30490,0,1
ISP2023Z,20231213,1423,30485,30485,30480,30480,4,9
ISP2023Z,20231213,1424,30475,30475,30470,30470,4,7
ISP2023Z,20231213,1425,30465,30465,30465,30465,1,2
ISP2023Z,20231213,1426,30465,30465,30465,30465,0,1
ISP2023Z,20231213,1427,30465,30470,30465,30470,1,8
ISP2023Z,20231213,1428,30475,30475,30475,30475,1,1
ISP2023Z,20231213,1429,30480,30480,30480,30480,1,2
ISP2023Z,20231213,1430,30490,30490,30490,30490,1,1
ISP2023Z,20231213,1431,30485,30495,30485,30490,5,13
ISP2023Z,20231213,1432,30495,30495,30495,30495,1,2
ISP2023Z,20231213,1433,30500,30500,30500,30500,1,3
ISP2023Z,20231213,1434,30500,30505,30500,30505,1,6
ISP2023Z,20231213,1435,30510,30525,30510,30525,3,8
ISP2023Z,20231213,1436,30520,30530,30520,30530,2,3
ISP2023Z,20231213,1437,30525,30530,30525,30530,2,4
ISP2023Z,20231213,1439,30535,30540,30535,30540,2,3
ISP2023Z,20231213,1440,30540,30545,30540,30540,2,4
ISP2023Z,20231213,1441,30545,30545,30540,30540,2,4
ISP2023Z,20231213,1442,30540,30540,30540,30540,0,2
ISP2023Z,20231213,1443,30540,30540,30540,30540,0,1
ISP2023Z,20231213,1444,30540,30550,30540,30550,2,13
ISP2023Z,20231213,1445,30550,30550,30545,30545,1,4
ISP2023Z,20231213,1446,30545,30550,30545,30550,1,3
ISP2023Z,20231213,1447,30550,30555,30550,30555,1,6
ISP2023Z,20231213,1448,30545,30545,30545,30545,1,3
ISP2023Z,20231213,1449,30550,30555,30550,30555,2,3
ISP2023Z,20231213,1450,30550,30560,30550,30550,4,17
ISP2023Z,20231213,1451,30545,30545,30540,30540,2,3
ISP2023Z,20231213,1452,30540,30540,30540,30540,0,2
ISP2023Z,20231213,1454,30545,30550,30540,30550,3,7
ISP2023Z,20231213,1455,30555,30555,30555,30555,1,9
ISP2023Z,20231213,1456,30545,30550,30545,30550,2,2
ISP2023Z,20231213,1457,30545,30545,30515,30545,9,22
ISP2023Z,20231213,1458,30540,30555,30540,30555,4,6
ISP2023Z,20231213,1459,30545,30565,30545,30565,5,10
ISP2023Z,20231214,0100,30655,30660,30650,30655,5,19
ISP2023Z,20231214,0101,30655,30660,30645,30645,4,15
ISP2023Z,20231214,0102,30640,30640,30635,30640,5,12
ISP2023Z,20231214,0103,30635,30635,30635,30635,1,4
ISP2023Z,20231214,0104,30630,30635,30620,30625,5,14
ISP2023Z,20231214,0105,30620,30620,30600,30600,7,19
ISP2023Z,20231214,0106,30610,30610,30605,30605,2,4
ISP2023Z,20231214,0108,30615,30615,30615,30615,1,5
ISP2023Z,20231214,0109,30620,30620,30620,30620,1,4
ISP2023Z,20231214,0111,30620,30625,30620,30620,2,5
ISP2023Z,20231214,0112,30620,30620,30620,30620,0,1
ISP2023Z,20231214,0113,30625,30625,30625,30625,1,1
ISP2023Z,20231214,0114,30630,30645,30630,30640,8,25
ISP2023Z,20231214,0115,30640,30640,30640,30640,0,5
ISP2023Z,20231214,0116,30635,30635,30635,30635,1,3
ISP2023Z,20231214,0117,30630,30630,30615,30615,3,7
ISP2023Z,20231214,0118,30615,30615,30615,30615,0,2
ISP2023Z,20231214,0120,30625,30625,30625,30625,1,2
ISP2023Z,20231214,0121,30620,30620,30620,30620,1,2
ISP2023Z,20231214,0122,30625,30625,30625,30625,1,3
ISP2023Z,20231214,0127,30635,30635,30635,30635,1,2
ISP2023Z,20231214,0128,30630,30630,30625,30630,3,3
ISP2023Z,20231214,0130,30630,30630,30625,30625,1,4
ISP2023Z,20231214,0131,30625,30625,30625,30625,0,2
ISP2023Z,20231214,0132,30630,30630,30625,30625,2,5
ISP2023Z,20231214,0133,30620,30620,30605,30605,3,6
ISP2023Z,20231214,0134,30605,30605,30605,30605,0,2
ISP2023Z,20231214,0135,30605,30605,30600,30600,1,4
ISP2023Z,20231214,0136,30595,30600,30595,30600,2,5
ISP2023Z,20231214,0137,30600,30605,30600,30605,1,2
ISP2023Z,20231214,0138,30600,30605,30600,30605,2,9
ISP2023Z,20231214,0139,30605,30605,30605,30605,0,2
ISP2023Z,20231214,0140,30600,30600,30600,30600,1,8
ISP2023Z,20231214,0141,30605,30610,30605,30610,2,25
ISP2023Z,20231214,0142,30615,30615,30615,30615,1,1
ISP2023Z,20231214,0145,30610,30610,30610,30610,1,3
ISP2023Z,20231214,0149,30610,30615,30600,30600,3,12
ISP2023Z,20231214,0150,30605,30605,30605,30605,1,1
ISP2023Z,20231214,0151,30605,30605,30605,30605,0,3
ISP2023Z,20231214,0152,30610,30610,30605,30605,2,4
ISP2023Z,20231214,0153,30605,30610,30600,30610,3,7
ISP2023Z,20231214,0155,30615,30615,30615,30615,1,1
ISP2023Z,20231214,0156,30610,30610,30610,30610,1,1
ISP2023Z,20231214,0157,30615,30620,30610,30615,4,11
ISP2023Z,20231214,0158,30615,30625,30615,30620,3,13
ISP2023Z,20231214,0159,30620,30620,30575,30575,15,55
ISP2023Z,20231214,0200,30580,30615,30575,30585,53,220
ISP2023Z,20231214,0201,30575,30600,30575,30590,24,81
ISP2023Z,20231214,0202,30595,30605,30580,30590,19,70
ISP2023Z,20231214,0203,30590,30630,30590,30630,15,61
ISP2023Z,20231214,0204,30625,30635,30620,30630,14,49
ISP2023Z,20231214,0205,30630,30630,30605,30620,23,81
ISP2023Z,20231214,0206,30630,30650,30625,30650,12,55
ISP2023Z,20231214,0207,30655,30660,30640,30640,20,77
ISP2023Z,20231214,0208,30645,30655,30635,30655,13,41
ISP2023Z,20231214,0209,30645,30645,30595,30595,16,55
ISP2023Z,20231214,0210,30595,30620,30595,30620,13,81
ISP2023Z,20231214,0211,30620,30620,30595,30615,15,41
ISP2023Z,20231214,0212,30610,30640,30610,30630,11,57
ISP2023Z,20231214,0213,30625,30635,30615,30635,8,35
ISP2023Z,20231214,0214,30635,30640,30605,30605,13,46
ISP2023Z,20231214,0215,30600,30610,30575,30575,14,85
ISP2023Z,20231214,0216,30575,30575,30530,30530,14,57
ISP2023Z,20231214,0217,30530,30530,30490,30495,34,143
ISP2023Z,20231214,0218,30495,30530,30495,30520,17,75
ISP2023Z,20231214,0219,30520,30520,30495,30500,9,27
ISP2023Z,20231214,0220,30500,30505,30490,30500,10,26
ISP2023Z,20231214,0221,30505,30510,30495,30510,7,32
ISP2023Z,20231214,0222,30510,30525,30505,30525,6,22
ISP2023Z,20231214,0223,30525,30545,30515,30520,7,43
ISP2023Z,20231214,0224,30515,30515,30505,30510,9,38
ISP2023Z,20231214,0225,30505,30535,30495,30530,18,72
ISP2023Z,20231214,0226,30525,30540,30525,30530,8,31
ISP2023Z,20231214,0227,30535,30535,30530,30535,3,14
ISP2023Z,20231214,0228,30535,30550,30530,30550,6,23
ISP2023Z,20231214,0229,30550,30550,30525,30525,9,30
ISP2023Z,20231214,0230,30520,30545,30520,30545,8,26
ISP2023Z,20231214,0231,30540,30540,30515,30525,11,46
ISP2023Z,20231214,0232,30525,30560,30525,30555,7,32
ISP2023Z,20231214,0233,30555,30560,30550,30555,3,16
ISP2023Z,20231214,0234,30550,30550,30515,30520,9,46
ISP2023Z,20231214,0235,30520,30525,30515,30520,4,12
ISP2023Z,20231214,0236,30525,30535,30510,30510,6,17
ISP2023Z,20231214,0237,30515,30515,30505,30505,5,17
ISP2023Z,20231214,0238,30505,30505,30490,30490,3,20
ISP2023Z,20231214,0239,30485,30500,30465,30500,9,34
ISP2023Z,20231214,0240,30500,30525,30500,30520,14,48
ISP2023Z,20231214,0241,30520,30530,30515,30515,5,25
ISP2023Z,20231214,0242,30515,30525,30500,30500,4,16
ISP2023Z,20231214,0243,30490,30490,30480,30490,6,16
ISP2023Z,20231214,0244,30495,30505,30495,30505,5,21
ISP2023Z,20231214,0245,30505,30505,30470,30470,6,27
ISP2023Z,20231214,0246,30465,30470,30450,30455,11,48
ISP2023Z,20231214,0247,30450,30460,30450,30455,7,14
ISP2023Z,20231214,0248,30460,30480,30460,30475,5,13
ISP2023Z,20231214,0249,30470,30475,30465,30465,4,39
ISP2023Z,20231214,0250,30470,30475,30460,30460,7,13
ISP2023Z,20231214,0251,30465,30475,30465,30475,5,26
ISP2023Z,20231214,0252,30480,30495,30480,30495,6,29
ISP2023Z,20231214,0253,30495,30495,30480,30480,2,16
ISP2023Z,20231214,0254,30480,30480,30470,30470,4,19
ISP2023Z,20231214,0255,30470,30470,30450,30450,4,13
ISP2023Z,20231214,0256,30445,30450,30440,30445,4,29
ISP2023Z,20231214,0257,30440,30440,30435,30435,4,24
ISP2023Z,20231214,0258,30435,30435,30430,30430,1,18
ISP2023Z,20231214,0259,30415,30420,30410,30420,7,11
ISP2023Z,20231214,0300,30415,30425,30410,30420,8,34
ISP2023Z,20231214,0301,30420,30425,30415,30420,6,27
ISP2023Z,20231214,0302,30415,30415,30400,30400,5,29
ISP2023Z,20231214,0303,30400,30410,30400,30400,4,32
ISP2023Z,20231214,0304,30395,30395,30380,30385,6,30
ISP2023Z,20231214,0305,30380,30380,30360,30365,12,61
ISP2023Z,20231214,0306,30360,30365,30350,30355,6,20
ISP2023Z,20231214,0307,30365,30365,30340,30350,9,36
ISP2023Z,20231214,0308,30350,30370,30350,30370,6,31
ISP2023Z,20231214,0309,30365,30370,30360,30360,4,25
ISP2023Z,20231214,0310,30365,30380,30360,30380,8,23
ISP2023Z,20231214,0311,30375,30375,30355,30355,6,19
ISP2023Z,20231214,0312,30355,30360,30345,30345,5,17
ISP2023Z,20231214,0313,30345,30355,30345,30355,3,32
ISP2023Z,20231214,0314,30360,30375,30360,30375,5,24
ISP2023Z,20231214,0315,30370,30380,30370,30380,3,17
ISP2023Z,20231214,0316,30375,30375,30350,30350,7,28
ISP2023Z,20231214,0317,30355,30360,30345,30350,5,12
ISP2023Z,20231214,0318,30360,30360,30355,30360,5,20
ISP2023Z,20231214,0319,30355,30355,30345,30345,3,6
ISP2023Z,20231214,0320,30360,30365,30360,30365,2,19
ISP2023Z,20231214,0321,30370,30370,30360,30370,3,8
ISP2023Z,20231214,0322,30370,30370,30340,30345,7,64
ISP2023Z,20231214,0323,30355,30365,30350,30365,5,13
ISP2023Z,20231214,0324,30365,30380,30365,30365,7,23
ISP2023Z,20231214,0325,30365,30370,30360,30370,3,15
ISP2023Z,20231214,0326,30370,30375,30370,30375,1,7
ISP2023Z,20231214,0327,30375,30380,30375,30380,3,10
ISP2023Z,20231214,0328,30380,30385,30370,30370,6,11
ISP2023Z,20231214,0329,30370,30370,30370,30370,0,8
ISP2023Z,20231214,0330,30375,30380,30370,30380,6,35
ISP2023Z,20231214,0331,30385,30395,30385,30385,5,33
ISP2023Z,20231214,0332,30385,30390,30380,30390,3,30
ISP2023Z,20231214,0333,30390,30390,30375,30375,1,4
ISP2023Z,20231214,0334,30380,30385,30375,30385,5,29
ISP2023Z,20231214,0335,30375,30385,30375,30385,5,42
ISP2023Z,20231214,0336,30385,30395,30385,30395,2,7
ISP2023Z,20231214,0337,30395,30400,30395,30395,2,25
ISP2023Z,20231214,0338,30390,30390,30385,30385,2,7
ISP2023Z,20231214,0339,30390,30410,30390,30410,5,22
ISP2023Z,20231214,0340,30415,30425,30410,30425,5,17
ISP2023Z,20231214,0341,30425,30435,30420,30430,7,24
ISP2023Z,20231214,0342,30420,30420,30405,30410,5,10
ISP2023Z,20231214,0343,30410,30410,30405,30405,1,4
ISP2023Z,20231214,0344,30410,30410,30410,30410,1,3
ISP2023Z,20231214,0345,30405,30405,30405,30405,1,7
ISP2023Z,20231214,0346,30410,30415,30410,30415,2,6
ISP2023Z,20231214,0347,30410,30410,30400,30400,5,13
ISP2023Z,20231214,0348,30405,30405,30385,30385,5,16
ISP2023Z,20231214,0349,30400,30400,30400,30400,1,7
ISP2023Z,20231214,0350,30395,30395,30390,30390,2,6
ISP2023Z,20231214,0351,30385,30405,30385,30405,2,12
ISP2023Z,20231214,0352,30405,30420,30405,30420,2,11
ISP2023Z,20231214,0353,30405,30405,30400,30405,3,4
ISP2023Z,20231214,0354,30400,30400,30400,30400,1,6
ISP2023Z,20231214,0355,30400,30410,30400,30410,1,3
ISP2023Z,20231214,0356,30410,30415,30405,30415,3,17
ISP2023Z,20231214,0357,30415,30415,30415,30415,0,4
ISP2023Z,20231214,0358,30410,30415,30410,30415,2,4
ISP2023Z,20231214,0359,30420,30440,30420,30440,3,13
ISP2023Z,20231214,0400,30440,30440,30435,30435,1,20
ISP2023Z,20231214,0401,30435,30435,30430,30430,1,6
ISP2023Z,20231214,0402,30435,30435,30435,30435,1,2
ISP2023Z,20231214,0403,30420,30435,30420,30435,4,25
ISP2023Z,20231214,0404,30430,30440,30430,30440,3,12
ISP2023Z,20231214,0405,30435,30440,30435,30440,4,15
ISP2023Z,20231214,0406,30445,30455,30445,30455,3,10
ISP2023Z,20231214,0407,30450,30450,30440,30440,2,6
ISP2023Z,20231214,0408,30440,30445,30440,30445,1,8
ISP2023Z,20231214,0409,30440,30440,30435,30435,2,4
ISP2023Z,20231214,0410,30435,30440,30435,30440,1,14
ISP2023Z,20231214,0411,30445,30445,30445,30445,1,9
ISP2023Z,20231214,0412,30445,30450,30445,30450,1,3
ISP2023Z,20231214,0413,30440,30440,30435,30440,3,4
ISP2023Z,20231214,0414,30445,30460,30445,30455,5,35
ISP2023Z,20231214,0415,30455,30460,30455,30460,3,18
ISP2023Z,20231214,0416,30455,30455,30455,30455,1,6
ISP2023Z,20231214,0417,30455,30460,30450,30450,2,7
ISP2023Z,20231214,0418,30455,30460,30440,30440,6,21
ISP2023Z,20231214,0419,30445,30450,30445,30450,2,4
ISP2023Z,20231214,0420,30460,30480,30460,30480,9,79
ISP2023Z,20231214,0421,30480,30495,30480,30495,2,10
ISP2023Z,20231214,0422,30495,30495,30490,30490,3,22
ISP2023Z,20231214,0423,30500,30500,30500,30500,1,9
ISP2023Z,20231214,0424,30500,30505,30495,30495,3,7
ISP2023Z,20231214,0425,30490,30490,30480,30490,11,51
ISP2023Z,20231214,0426,30495,30495,30490,30490,2,23
ISP2023Z,20231214,0427,30485,30485,30485,30485,1,6
ISP2023Z,20231214,0428,30480,30495,30480,30495,3,10
ISP2023Z,20231214,0429,30495,30505,30495,30505,2,10
ISP2023Z,20231214,0430,30505,30510,30495,30495,3,5
ISP2023Z,20231214,0431,30495,30495,30490,30490,1,6
ISP2023Z,20231214,0432,30495,30495,30495,30495,1,9
ISP2023Z,20231214,0433,30490,30495,30490,30495,2,4
ISP2023Z,20231214,0434,30500,30500,30490,30490,5,30
ISP2023Z,20231214,0435,30490,30490,30485,30485,1,11
ISP2023Z,20231214,0436,30490,30490,30490,30490,1,11
ISP2023Z,20231214,0437,30490,30495,30490,30495,1,5
ISP2023Z,20231214,0438,30500,30510,30500,30505,4,10
ISP2023Z,20231214,0439,30510,30515,30510,30515,2,3
ISP2023Z,20231214,0440,30515,30520,30515,30520,1,8
ISP2023Z,20231214,0441,30520,30520,30510,30510,2,26
ISP2023Z,20231214,0442,30510,30510,30505,30505,1,11
ISP2023Z,20231214,0443,30505,30510,30505,30505,2,12
ISP2023Z,20231214,0444,30510,30510,30505,30505,4,27
ISP2023Z,20231214,0445,30505,30505,30485,30485,4,38
ISP2023Z,20231214,0446,30480,30480,30475,30475,2,35
ISP2023Z,20231214,0447,30475,30475,30470,30470,1,19
ISP2023Z,20231214,0448,30475,30490,30475,30485,5,12
ISP2023Z,20231214,0449,30485,30505,30485,30505,3,17
ISP2023Z,20231214,0450,30500,30500,30495,30495,2,14
ISP2023Z,20231214,0451,30495,30495,30480,30480,5,29
ISP2023Z,20231214,0452,30485,30485,30480,30480,4,33
ISP2023Z,20231214,0453,30480,30480,30475,30475,1,5
ISP2023Z,20231214,0454,30475,30475,30470,30470,1,17
ISP2023Z,20231214,0455,30470,30470,30460,30460,2,25
ISP2023Z,20231214,0456,30455,30455,30440,30440,4,50
ISP2023Z,20231214,0457,30445,30445,30430,30430,4,42
ISP2023Z,20231214,0458,30425,30435,30425,30435,2,9
ISP2023Z,20231214,0459,30435,30435,30430,30430,1,11
ISP2023Z,20231214,0500,30430,30430,30415,30420,4,17
ISP2023Z,20231214,0501,30420,30420,30415,30415,1,13
ISP2023Z,20231214,0502,30425,30430,30425,30425,3,13
ISP2023Z,20231214,0503,30425,30435,30425,30435,2,9
ISP2023Z,20231214,0504,30435,30435,30425,30430,2,9
ISP2023Z,20231214,0505,30430,30430,30430,30430,0,1
ISP2023Z,20231214,0506,30425,30435,30425,30430,3,6
ISP2023Z,20231214,0507,30425,30430,30425,30425,3,11
ISP2023Z,20231214,0508,30420,30420,30420,30420,1,10
ISP2023Z,20231214,0509,30420,30425,30420,30420,2,11
ISP2023Z,20231214,0511,30440,30440,30440,30440,1,9
ISP2023Z,20231214,0512,30445,30445,30440,30440,2,5
ISP2023Z,20231214,0513,30445,30445,30440,30445,3,16
ISP2023Z,20231214,0514,30440,30445,30440,30445,2,8
ISP2023Z,20231214,0515,30445,30445,30445,30445,0,3
ISP2023Z,20231214,0516,30445,30445,30440,30440,1,6
ISP2023Z,20231214,0517,30440,30440,30435,30435,1,8
ISP2023Z,20231214,0518,30445,30445,30445,30445,1,6
ISP2023Z,20231214,0519,30445,30445,30440,30440,1,8
ISP2023Z,20231214,0520,30445,30450,30445,30445,3,6
ISP2023Z,20231214,0521,30440,30445,30440,30440,3,14
ISP2023Z,20231214,0522,30435,30440,30435,30440,2,6
ISP2023Z,20231214,0523,30440,30440,30440,30440,0,2
ISP2023Z,20231214,0524,30445,30445,30440,30445,3,7
ISP2023Z,20231214,0525,30445,30450,30445,30445,2,4
ISP2023Z,20231214,0526,30435,30440,30430,30430,3,8
ISP2023Z,20231214,0527,30430,30440,30430,30440,2,5
ISP2023Z,20231214,0528,30440,30440,30435,30435,1,7
ISP2023Z,20231214,0529,30435,30435,30430,30435,2,6
ISP2023Z,20231214,0530,30435,30435,30435,30435,0,14
ISP2023Z,20231214,0531,30435,30445,30435,30445,2,14
ISP2023Z,20231214,0532,30440,30445,30440,30445,2,6
ISP2023Z,20231214,0533,30450,30450,30445,30445,2,8
ISP2023Z,20231214,0534,30440,30440,30430,30435,3,12
ISP2023Z,20231214,0535,30435,30435,30435,30435,0,5
ISP2023Z,20231214,0536,30435,30435,30430,30435,2,9
ISP2023Z,20231214,0537,30430,30430,30430,30430,1,1
ISP2023Z,20231214,0538,30430,30430,30425,30425,1,3
ISP2023Z,20231214,0539,30430,30430,30430,30430,1,4
ISP2023Z,20231214,0540,30435,30440,30435,30440,2,13
ISP2023Z,20231214,0541,30435,30435,30435,30435,1,4
ISP2023Z,20231214,0543,30430,30435,30430,30430,5,15
ISP2023Z,20231214,0544,30430,30430,30425,30425,1,14
ISP2023Z,20231214,0545,30425,30425,30410,30415,3,6
ISP2023Z,20231214,0546,30420,30425,30420,30420,3,10
ISP2023Z,20231214,0547,30415,30415,30400,30400,4,12
ISP2023Z,20231214,0548,30400,30405,30400,30400,2,35
ISP2023Z,20231214,0549,30400,30405,30395,30405,2,19
ISP2023Z,20231214,0550,30410,30415,30405,30405,4,23
ISP2023Z,20231214,0551,30405,30405,30400,30405,2,4
ISP2023Z,20231214,0552,30400,30405,30400,30405,2,6
ISP2023Z,20231214,0553,30405,30405,30405,30405,0,3
ISP2023Z,20231214,0554,30405,30405,30400,30400,1,26
ISP2023Z,20231214,0555,30405,30405,30400,30400,2,9
ISP2023Z,20231214,0556,30410,30415,30410,30415,2,3
ISP2023Z,20231214,0557,30410,30415,30410,30415,2,8
ISP2023Z,20231214,0558,30410,30410,30405,30405,2,11
ISP2023Z,20231214,0559,30400,30405,30390,30395,6,13
ISP2023Z,20231214,0600,30395,30405,30390,30400,5,11
ISP2023Z,20231214,0601,30395,30400,30395,30400,2,4
ISP2023Z,20231214,0602,30395,30400,30395,30395,3,15
ISP2023Z,20231214,0603,30400,30410,30400,30405,4,18
ISP2023Z,20231214,0604,30405,30405,30405,30405,0,11
ISP2023Z,20231214,0605,30400,30405,30400,30405,2,7
ISP2023Z,20231214,0606,30415,30420,30415,30420,2,12
ISP2023Z,20231214,0607,30425,30430,30425,30430,2,5
ISP2023Z,20231214,0608,30420,30420,30415,30415,4,16
ISP2023Z,20231214,0609,30415,30415,30405,30405,2,9
ISP2023Z,20231214,0610,30405,30405,30405,30405,0,4
ISP2023Z,20231214,0611,30410,30410,30405,30405,2,9
ISP2023Z,20231214,0612,30415,30415,30410,30410,2,3
ISP2023Z,20231214,0613,30405,30405,30405,30405,1,3
ISP2023Z,20231214,0614,30405,30405,30405,30405,0,10
ISP2023Z,20231214,0615,30410,30410,30410,30410,1,1
ISP2023Z,20231214,0616,30415,30415,30415,30415,1,5
ISP2023Z,20231214,0617,30425,30425,30415,30415,3,6
ISP2023Z,20231214,0618,30420,30420,30420,30420,1,4
ISP2023Z,20231214,0619,30410,30410,30405,30405,2,3
ISP2023Z,20231214,0620,30400,30400,30400,30400,1,11
ISP2023Z,20231214,0621,30400,30405,30400,30405,1,10
ISP2023Z,20231214,0622,30405,30405,30405,30405,0,3
ISP2023Z,20231214,0623,30400,30400,30390,30390,3,12
ISP2023Z,20231214,0624,30395,30400,30395,30400,2,30
ISP2023Z,20231214,0625,30400,30400,30395,30400,2,6
ISP2023Z,20231214,0626,30400,30405,30400,30405,1,3
ISP2023Z,20231214,0627,30400,30400,30400,30400,1,5
ISP2023Z,20231214,0628,30395,30400,30390,30400,4,12
ISP2023Z,20231214,0629,30400,30400,30395,30395,1,14
ISP2023Z,20231214,0630,30395,30400,30395,30395,2,10
ISP2023Z,20231214,0631,30400,30400,30395,30400,3,3
ISP2023Z,20231214,0632,30395,30395,30395,30395,1,9
ISP2023Z,20231214,0633,30395,30405,30395,30405,2,10
ISP2023Z,20231214,0634,30405,30405,30405,30405,0,11
ISP2023Z,20231214,0635,30405,30405,30405,30405,0,2
ISP2023Z,20231214,0636,30405,30405,30400,30400,1,11
ISP2023Z,20231214,0637,30400,30400,30395,30395,1,11
ISP2023Z,20231214,0638,30395,30395,30390,30390,1,3
ISP2023Z,20231214,0639,30390,30390,30390,30390,0,1
ISP2023Z,20231214,0640,30390,30390,30390,30390,0,3
ISP2023Z,20231214,0641,30395,30395,30395,30395,1,1
ISP2023Z,20231214,0642,30395,30395,30390,30390,1,3
ISP2023Z,20231214,0643,30390,30390,30390,30390,0,2
ISP2023Z,20231214,0644,30395,30395,30390,30390,2,10
ISP2023Z,20231214,0645,30390,30390,30390,30390,0,1
ISP2023Z,20231214,0646,30385,30390,30380,30390,6,23
ISP2023Z,20231214,0648,30395,30395,30390,30390,2,2
ISP2023Z,20231214,0649,30395,30395,30395,30395,1,6
ISP2023Z,20231214,0650,30390,30390,30390,30390,1,5
ISP2023Z,20231214,0651,30395,30395,30395,30395,1,6
ISP2023Z,20231214,0652,30390,30390,30375,30375,4,29
ISP2023Z,20231214,0653,30380,30385,30380,30380,3,12
ISP2023Z,20231214,0654,30385,30390,30385,30390,2,4
ISP2023Z,20231214,0655,30395,30395,30395,30395,1,2
ISP2023Z,20231214,0656,30400,30400,30400,30400,1,1
ISP2023Z,20231214,0657,30405,30405,30405,30405,1,3
ISP2023Z,20231214,0658,30405,30410,30405,30410,1,4
ISP2023Z,20231214,0659,30410,30410,30400,30400,2,11
ISP2023Z,20231214,0700,30400,30405,30400,30400,2,10
ISP2023Z,20231214,0701,30400,30400,30400,30400,0,1
ISP2023Z,20231214,0702,30400,30400,30400,30400,0,1
ISP2023Z,20231214,0703,30395,30395,30395,30395,1,3
ISP2023Z,20231214,0704,30400,30410,30400,30405,4,13
ISP2023Z,20231214,0705,30405,30405,30395,30395,2,11
ISP2023Z,20231214,0706,30395,30395,30390,30390,1,17
ISP2023Z,20231214,0707,30395,30400,30395,30400,2,5
ISP2023Z,20231214,0708,30400,30400,30395,30395,1,5
ISP2023Z,20231214,0709,30395,30395,30395,30395,0,1
ISP2023Z,20231214,0710,30395,30395,30395,30395,0,2
ISP2023Z,20231214,0711,30400,30400,30400,30400,1,3
ISP2023Z,20231214,0712,30395,30400,30395,30400,2,20
ISP2023Z,20231214,0713,30400,30400,30395,30395,1,5
ISP2023Z,20231214,0714,30395,30395,30390,30390,1,22
ISP2023Z,20231214,0715,30390,30390,30360,30380,12,49
ISP2023Z,20231214,0716,30380,30415,30380,30415,11,60
ISP2023Z,20231214,0717,30410,30455,30410,30430,30,187
ISP2023Z,20231214,0718,30430,30435,30400,30400,9,86
ISP2023Z,20231214,0719,30395,30395,30375,30375,5,23
ISP2023Z,20231214,0720,30380,30390,30380,30385,4,14
ISP2023Z,20231214,0721,30395,30410,30385,30405,7,33
ISP2023Z,20231214,0722,30410,30420,30410,30420,5,19
ISP2023Z,20231214,0723,30420,30420,30410,30415,3,11
ISP2023Z,20231214,0724,30420,30420,30410,30410,2,4
ISP2023Z,20231214,0725,30410,30420,30410,30420,2,3
ISP2023Z,20231214,0726,30425,30430,30425,30430,2,8
ISP2023Z,20231214,0727,30440,30440,30430,30430,3,11
ISP2023Z,20231214,0728,30425,30425,30410,30410,6,15
ISP2023Z,20231214,0729,30420,30420,30420,30420,1,1
ISP2023Z,20231214,0730,30405,30410,30400,30405,5,15
ISP2023Z,20231214,0731,30405,30405,30400,30400,1,5
ISP2023Z,20231214,0732,30390,30390,30385,30390,3,7
ISP2023Z,20231214,0733,30395,30400,30390,30400,5,23
ISP2023Z,20231214,0734,30395,30410,30395,30410,6,13
ISP2023Z,20231214,0735,30405,30425,30405,30425,5,12
ISP2023Z,20231214,0736,30430,30430,30425,30425,4,16
ISP2023Z,20231214,0737,30425,30440,30425,30430,5,27
ISP2023Z,20231214,0738,30435,30435,30430,30435,3,16
ISP2023Z,20231214,0739,30435,30445,30435,30440,3,23
ISP2023Z,20231214,0740,30435,30435,30425,30425,3,19
ISP2023Z,20231214,0741,30425,30440,30425,30435,5,16
ISP2023Z,20231214,0742,30430,30435,30430,30435,2,18
ISP2023Z,20231214,0743,30440,30450,30440,30445,6,45
ISP2023Z,20231214,0744,30445,30445,30430,30430,2,10
ISP2023Z,20231214,0745,30430,30430,30430,30430,0,9
ISP2023Z,20231214,0746,30425,30430,30425,30430,2,5
ISP2023Z,20231214,0747,30430,30435,30430,30430,2,7
ISP2023Z,20231214,0748,30430,30435,30430,30435,1,7
ISP2023Z,20231214,0749,30430,30430,30430,30430,1,6
ISP2023Z,20231214,0750,30430,30430,30425,30430,2,4
ISP2023Z,20231214,0751,30425,30425,30415,30425,4,16
ISP2023Z,20231214,0752,30425,30425,30425,30425,0,8
ISP2023Z,20231214,0753,30430,30430,30425,30425,2,3
ISP2023Z,20231214,0754,30420,30420,30420,30420,1,9
ISP2023Z,20231214,0755,30430,30440,30430,30440,3,9
ISP2023Z,20231214,0756,30435,30435,30435,30435,1,1
ISP2023Z,20231214,0757,30400,30435,30400,30430,3,47
ISP2023Z,20231214,0758,30425,30425,30425,30425,1,2
ISP2023Z,20231214,0759,30425,30425,30425,30425,0,10
ISP2023Z,20231214,0800,30430,30430,30415,30420,5,15
ISP2023Z,20231214,0801,30420,30425,30420,30425,1,3
ISP2023Z,20231214,0802,30420,30420,30415,30415,2,3
ISP2023Z,20231214,0803,30425,30425,30420,30420,2,6
ISP2023Z,20231214,0804,30425,30435,30425,30435,3,4
ISP2023Z,20231214,0805,30445,30450,30445,30445,3,20
ISP2023Z,20231214,0806,30445,30460,30445,30460,5,29
ISP2023Z,20231214,0807,30455,30455,30450,30450,2,15
ISP2023Z,20231214,0808,30455,30455,30455,30455,1,9
ISP2023Z,20231214,0809,30460,30460,30445,30450,5,28
ISP2023Z,20231214,0810,30445,30445,30440,30440,2,24
ISP2023Z,20231214,0811,30435,30435,30425,30430,4,24
ISP2023Z,20231214,0812,30425,30425,30420,30425,3,15
ISP2023Z,20231214,0813,30425,30425,30405,30415,8,39
ISP2023Z,20231214,0814,30410,30415,30410,30415,2,13
ISP2023Z,20231214,0815,30410,30420,30410,30420,3,11
ISP2023Z,20231214,0816,30415,30415,30400,30405,8,33
ISP2023Z,20231214,0817,30405,30415,30405,30415,2,17
ISP2023Z,20231214,0818,30415,30415,30405,30405,2,7
ISP2023Z,20231214,0819,30405,30405,30400,30400,1,11
ISP2023Z,20231214,0820,30405,30410,30405,30405,3,4
ISP2023Z,20231214,0821,30400,30405,30385,30385,5,24
ISP2023Z,20231214,0822,30390,30390,30385,30385,2,19
ISP2023Z,20231214,0823,30385,30385,30370,30370,3,18
ISP2023Z,20231214,0824,30375,30375,30365,30365,5,27
ISP2023Z,20231214,0825,30365,30370,30345,30345,8,57
ISP2023Z,20231214,0826,30350,30350,30330,30330,5,56
ISP2023Z,20231214,0827,30330,30335,30325,30325,3,27
ISP2023Z,20231214,0828,30325,30325,30305,30310,8,29
ISP2023Z,20231214,0829,30310,30315,30305,30305,3,32
ISP2023Z,20231214,0830,30305,30350,30305,30350,10,34
ISP2023Z,20231214,0831,30350,30370,30350,30370,6,41
ISP2023Z,20231214,0832,30370,30370,30355,30355,4,16
ISP2023Z,20231214,0833,30355,30355,30340,30350,7,22
ISP2023Z,20231214,0834,30350,30360,30350,30360,3,17
ISP2023Z,20231214,0835,30365,30365,30350,30355,5,17
ISP2023Z,20231214,0836,30360,30370,30360,30365,6,12
ISP2023Z,20231214,0837,30365,30370,30360,30365,6,34
ISP2023Z,20231214,0838,30370,30370,30365,30370,3,8
ISP2023Z,20231214,0839,30365,30370,30360,30370,4,13
ISP2023Z,20231214,0840,30365,30385,30365,30365,7,26
ISP2023Z,20231214,0841,30365,30370,30360,30370,2,17
ISP2023Z,20231214,0842,30365,30365,30345,30350,8,21
ISP2023Z,20231214,0843,30355,30355,30345,30345,4,22
ISP2023Z,20231214,0844,30355,30355,30355,30355,1,1
ISP2023Z,20231214,0845,30370,30380,30370,30380,3,6
ISP2023Z,20231214,0846,30375,30380,30365,30370,6,18
ISP2023Z,20231214,0847,30365,30370,30360,30360,5,17
ISP2023Z,20231214,0848,30365,30365,30340,30340,5,20
ISP2023Z,20231214,0849,30340,30340,30330,30330,8,19
ISP2023Z,20231214,0850,30330,30340,30330,30330,7,23
ISP2023Z,20231214,0851,30325,30325,30320,30320,4,9
ISP2023Z,20231214,0852,30320,30320,30300,30300,8,41
ISP2023Z,20231214,0853,30305,30315,30305,30315,4,40
ISP2023Z,20231214,0854,30315,30315,30295,30295,6,23
ISP2023Z,20231214,0855,30295,30300,30290,30295,8,27
ISP2023Z,20231214,0856,30290,30305,30290,30305,7,24
ISP2023Z,20231214,0857,30310,30325,30310,30315,8,39
ISP2023Z,20231214,0858,30320,30320,30310,30310,5,30
ISP2023Z,20231214,0859,30315,30350,30315,30340,9,32
ISP2023Z,20231214,0900,30335,30340,30320,30330,10,17
ISP2023Z,20231214,0901,30325,30325,30320,30320,2,11
ISP2023Z,20231214,0902,30325,30330,30315,30315,5,20
ISP2023Z,20231214,0903,30320,30320,30310,30310,3,6
ISP2023Z,20231214,0904,30315,30315,30305,30305,4,8
ISP2023Z,20231214,0905,30300,30300,30280,30280,9,38
ISP2023Z,20231214,0906,30275,30275,30265,30265,3,45
ISP2023Z,20231214,0907,30270,30280,30270,30270,5,50
ISP2023Z,20231214,0908,30270,30270,30255,30255,3,15
ISP2023Z,20231214,0909,30260,30265,30255,30255,4,17
ISP2023Z,20231214,0910,30250,30250,30245,30245,6,26
ISP2023Z,20231214,0911,30245,30250,30240,30245,3,8
ISP2023Z,20231214,0912,30255,30255,30245,30245,3,34
ISP2023Z,20231214,0913,30240,30240,30230,30230,3,9
ISP2023Z,20231214,0914,30235,30240,30215,30215,9,37
ISP2023Z,20231214,0915,30215,30215,30190,30195,11,66
ISP2023Z,20231214,0916,30195,30200,30190,30200,5,51
ISP2023Z,20231214,0917,30205,30205,30170,30175,10,59
ISP2023Z,20231214,0918,30175,30200,30175,30200,5,22
ISP2023Z,20231214,0919,30205,30205,30185,30185,3,12
ISP2023Z,20231214,0920,30185,30185,30170,30170,3,29
ISP2023Z,20231214,0921,30165,30180,30165,30180,6,45
ISP2023Z,20231214,0922,30180,30180,30165,30165,5,54
ISP2023Z,20231214,0923,30165,30170,30160,30165,4,25
ISP2023Z,20231214,0924,30170,30170,30160,30160,4,24
ISP2023Z,20231214,0925,30160,30170,30145,30155,9,90
ISP2023Z,20231214,0926,30155,30180,30155,30180,5,19
ISP2023Z,20231214,0927,30190,30195,30185,30185,6,35
ISP2023Z,20231214,0928,30190,30200,30185,30200,4,4
ISP2023Z,20231214,0929,30200,30205,30185,30205,6,23
ISP2023Z,20231214,0930,30205,30215,30205,30215,4,10
ISP2023Z,20231214,0931,30220,30240,30220,30240,6,28
ISP2023Z,20231214,0932,30240,30255,30235,30255,7,33
ISP2023Z,20231214,0933,30255,30280,30255,30280,11,45
ISP2023Z,20231214,0934,30280,30285,30270,30285,5,11
ISP2023Z,20231214,0935,30275,30285,30275,30280,5,20
ISP2023Z,20231214,0936,30275,30275,30260,30260,6,28
ISP2023Z,20231214,0937,30260,30260,30235,30235,12,64
ISP2023Z,20231214,0938,30240,30250,30235,30235,6,22
ISP2023Z,20231214,0939,30235,30250,30235,30245,3,18
ISP2023Z,20231214,0940,30250,30260,30250,30260,7,45
ISP2023Z,20231214,0941,30260,30270,30260,30270,2,19
ISP2023Z,20231214,0942,30270,30290,30270,30290,8,86
ISP2023Z,20231214,0943,30290,30290,30280,30280,2,14
ISP2023Z,20231214,0944,30280,30285,30280,30285,1,8
ISP2023Z,20231214,0945,30290,30295,30285,30295,4,15
ISP2023Z,20231214,0946,30290,30290,30285,30290,3,14
ISP2023Z,20231214,0947,30285,30285,30280,30280,2,15
ISP2023Z,20231214,0948,30285,30295,30285,30295,3,16
ISP2023Z,20231214,0949,30295,30325,30295,30320,9,55
ISP2023Z,20231214,0950,30320,30335,30320,30335,5,29
ISP2023Z,20231214,0951,30340,30340,30335,30340,3,19
ISP2023Z,20231214,0952,30340,30340,30330,30330,2,9
ISP2023Z,20231214,0953,30325,30330,30325,30330,2,21
ISP2023Z,20231214,0954,30325,30330,30325,30330,2,4
ISP2023Z,20231214,0955,30335,30340,30335,30340,2,18
ISP2023Z,20231214,0956,30340,30350,30340,30340,3,36
ISP2023Z,20231214,0957,30340,30340,30330,30335,3,17
ISP2023Z,20231214,0958,30335,30355,30335,30355,3,7
ISP2023Z,20231214,0959,30355,30355,30350,30350,3,8
ISP2023Z,20231214,1000,30355,30360,30350,30350,6,28
ISP2023Z,20231214,1001,30350,30365,30350,30360,3,27
ISP2023Z,20231214,1002,30365,30370,30365,30365,5,31
ISP2023Z,20231214,1003,30370,30375,30370,30370,3,16
ISP2023Z,20231214,1004,30370,30370,30350,30350,6,41
ISP2023Z,20231214,1005,30355,30355,30350,30350,2,8
ISP2023Z,20231214,1006,30350,30355,30350,30355,3,7
ISP2023Z,20231214,1007,30350,30355,30350,30355,2,19
ISP2023Z,20231214,1008,30365,30365,30360,30365,3,8
ISP2023Z,20231214,1009,30365,30365,30355,30360,3,29
ISP2023Z,20231214,1010,30360,30380,30360,30380,3,56
ISP2023Z,20231214,1011,30380,30390,30380,30385,2,19
ISP2023Z,20231214,1012,30385,30390,30385,30385,2,16
ISP2023Z,20231214,1013,30380,30380,30365,30365,7,52
ISP2023Z,20231214,1014,30365,30370,30360,30360,3,24
ISP2023Z,20231214,1015,30360,30375,30360,30365,4,27
ISP2023Z,20231214,1016,30370,30375,30370,30370,3,26
ISP2023Z,20231214,1017,30370,30370,30360,30360,2,28
ISP2023Z,20231214,1018,30360,30365,30360,30365,1,13
ISP2023Z,20231214,1019,30375,30385,30375,30385,3,17
ISP2023Z,20231214,1020,30390,30390,30390,30390,1,10
ISP2023Z,20231214,1021,30390,30390,30385,30390,4,46
ISP2023Z,20231214,1022,30390,30390,30385,30385,1,9
ISP2023Z,20231214,1023,30385,30385,30380,30380,1,20
ISP2023Z,20231214,1024,30385,30395,30385,30395,3,44
ISP2023Z,20231214,1025,30400,30400,30380,30385,4,16
ISP2023Z,20231214,1026,30385,30385,30375,30375,2,20
ISP2023Z,20231214,1027,30375,30380,30375,30375,2,21
ISP2023Z,20231214,1028,30375,30400,30370,30400,8,26
ISP2023Z,20231214,1029,30400,30400,30390,30395,5,39
ISP2023Z,20231214,1030,30400,30425,30400,30420,9,82
ISP2023Z,20231214,1031,30420,30435,30415,30435,9,35
ISP2023Z,20231214,1032,30440,30440,30415,30420,9,29
ISP2023Z,20231214,1033,30420,30420,30395,30395,4,14
ISP2023Z,20231214,1034,30395,30400,30350,30365,24,201
ISP2023Z,20231214,1035,30365,30375,30365,30375,6,22
ISP2023Z,20231214,1036,30370,30370,30365,30365,4,45
ISP2023Z,20231214,1037,30365,30370,30360,30370,5,26
ISP2023Z,20231214,1038,30370,30370,30365,30365,1,8
ISP2023Z,20231214,1039,30389,30389,30360,30375,5,15
ISP2023Z,20231214,1040,30375,30390,30375,30390,5,11
ISP2023Z,20231214,1041,30395,30405,30395,30400,4,14
ISP2023Z,20231214,1042,30400,30410,30400,30410,2,14
ISP2023Z,20231214,1043,30415,30415,30415,30415,1,6
ISP2023Z,20231214,1044,30415,30415,30415,30415,0,4
ISP2023Z,20231214,1045,30415,30420,30415,30420,1,3
ISP2023Z,20231214,1046,30425,30425,30425,30425,1,12
ISP2023Z,20231214,1047,30425,30430,30425,30425,2,8
ISP2023Z,20231214,1048,30425,30435,30420,30435,4,12
ISP2023Z,20231214,1049,30425,30430,30420,30425,5,12
ISP2023Z,20231214,1050,30415,30415,30415,30415,1,1
ISP2023Z,20231214,1051,30420,30420,30410,30410,3,5
ISP2023Z,20231214,1052,30415,30415,30405,30410,3,5
ISP2023Z,20231214,1053,30405,30405,30405,30405,1,4
ISP2023Z,20231214,1055,30405,30405,30405,30405,0,2
ISP2023Z,20231214,1059,30405,30405,30400,30400,1,3
ISP2023Z,20231214,1103,30430,30430,30430,30430,1,3
ISP2023Z,20231214,1104,30430,30430,30430,30430,0,5
ISP2023Z,20231214,1106,30430,30430,30425,30425,1,4
ISP2023Z,20231214,1107,30430,30430,30430,30430,1,4
ISP2023Z,20231214,1108,30435,30435,30435,30435,1,1
ISP2023Z,20231214,1111,30435,30435,30435,30435,0,1
ISP2023Z,20231214,1113,30445,30450,30445,30450,2,3
ISP2023Z,20231214,1114,30445,30445,30445,30445,1,7
ISP2023Z,20231214,1115,30445,30445,30445,30445,0,2
ISP2023Z,20231214,1116,30445,30445,30445,30445,0,1
ISP2023Z,20231214,1121,30450,30450,30450,30450,1,1
ISP2023Z,20231214,1124,30450,30450,30440,30440,2,4
ISP2023Z,20231214,1126,30445,30445,30445,30445,1,2
ISP2023Z,20231214,1127,30450,30450,30450,30450,1,2
ISP2023Z,20231214,1128,30445,30450,30445,30445,3,8
ISP2023Z,20231214,1129,30450,30450,30450,30450,1,4
ISP2023Z,20231214,1130,30450,30450,30450,30450,0,2
ISP2023Z,20231214,1131,30450,30450,30450,30450,0,1
ISP2023Z,20231214,1135,30450,30450,30450,30450,0,2
ISP2023Z,20231214,1140,30445,30445,30445,30445,1,3
ISP2023Z,20231214,1141,30445,30445,30445,30445,0,3
ISP2023Z,20231214,1143,30450,30450,30450,30450,1,2
ISP2023Z,20231214,1144,30455,30455,30450,30450,2,17
ISP2023Z,20231214,1147,30445,30445,30445,30445,1,1
ISP2023Z,20231214,1148,30450,30450,30440,30440,2,6
ISP2023Z,20231214,1150,30440,30440,30440,30440,0,1
ISP2023Z,20231214,1151,30430,30430,30430,30430,1,3
ISP2023Z,20231214,1153,30425,30425,30425,30425,1,3
ISP2023Z,20231214,1155,30415,30415,30410,30410,2,4
ISP2023Z,20231214,1156,30415,30415,30415,30415,1,1
ISP2023Z,20231214,1157,30410,30410,30410,30410,1,1
ISP2023Z,20231214,1158,30405,30410,30405,30410,2,8
ISP2023Z,20231214,1159,30405,30405,30400,30400,2,4
ISP2023Z,20231214,1200,30395,30395,30385,30385,3,16
ISP2023Z,20231214,1201,30385,30385,30380,30380,1,3
ISP2023Z,20231214,1202,30390,30390,30390,30390,1,1
ISP2023Z,20231214,1206,30390,30390,30390,30390,0,2
ISP2023Z,20231214,1207,30390,30390,30390,30390,0,6
ISP2023Z,20231214,1209,30395,30395,30395,30395,1,3
ISP2023Z,20231214,1210,30400,30400,30400,30400,1,3
ISP2023Z,20231214,1213,30400,30400,30395,30395,1,4
ISP2023Z,20231214,1215,30390,30390,30380,30380,3,12
ISP2023Z,20231214,1216,30385,30385,30385,30385,1,4
ISP2023Z,20231214,1217,30385,30385,30385,30385,0,1
ISP2023Z,20231214,1219,30390,30390,30390,30390,1,1
ISP2023Z,20231214,1221,30390,30390,30390,30390,0,1
ISP2023Z,20231214,1225,30385,30385,30385,30385,1,2
ISP2023Z,20231214,1226,30385,30385,30385,30385,0,1
ISP2023Z,20231214,1232,30370,30370,30370,30370,1,3
ISP2023Z,20231214,1236,30360,30360,30360,30360,1,1
ISP2023Z,20231214,1239,30365,30365,30365,30365,1,1
ISP2023Z,20231214,1240,30380,30380,30380,30380,1,1
ISP2023Z,20231214,1241,30380,30380,30380,30380,0,4
ISP2023Z,20231214,1242,30385,30385,30385,30385,1,5
ISP2023Z,20231214,1243,30385,30390,30385,30390,3,20
ISP2023Z,20231214,1245,30395,30395,30395,30395,1,1
ISP2023Z,20231214,1246,30390,30390,30390,30390,1,2
ISP2023Z,20231214,1248,30390,30390,30385,30385,1,6
ISP2023Z,20231214,1249,30380,30385,30375,30380,7,15
ISP2023Z,20231214,1250,30375,30375,30365,30365,3,5
ISP2023Z,20231214,1251,30360,30360,30360,30360,1,2
ISP2023Z,20231214,1252,30350,30350,30340,30340,3,8
ISP2023Z,20231214,1253,30340,30345,30335,30335,3,10
ISP2023Z,20231214,1254,30340,30340,30335,30340,3,6
ISP2023Z,20231214,1255,30335,30355,30335,30355,4,13
ISP2023Z,20231214,1256,30355,30355,30350,30355,2,5
ISP2023Z,20231214,1257,30355,30355,30355,30355,0,6
ISP2023Z,20231214,1258,30355,30355,30355,30355,0,1
ISP2023Z,20231214,1259,30355,30360,30355,30360,1,2
ISP2023Z,20231214,1300,30365,30370,30360,30370,3,14
ISP2023Z,20231214,1301,30370,30370,30370,30370,0,1
ISP2023Z,20231214,1302,30370,30380,30370,30380,2,10
ISP2023Z,20231214,1303,30380,30380,30380,30380,0,10
ISP2023Z,20231214,1304,30375,30375,30375,30375,1,5
ISP2023Z,20231214,1305,30375,30375,30375,30375,0,4
ISP2023Z,20231214,1306,30375,30380,30375,30380,1,4
ISP2023Z,20231214,1307,30385,30385,30385,30385,1,4
ISP2023Z,20231214,1308,30375,30375,30375,30375,1,6
ISP2023Z,20231214,1309,30375,30375,30375,30375,0,3
ISP2023Z,20231214,1310,30375,30375,30370,30375,2,8
ISP2023Z,20231214,1311,30385,30385,30380,30380,2,6
ISP2023Z,20231214,1312,30390,30390,30385,30390,3,8
ISP2023Z,20231214,1313,30395,30395,30390,30390,10,31
ISP2023Z,20231214,1314,30390,30390,30385,30385,3,13
ISP2023Z,20231214,1315,30385,30390,30385,30390,1,4
ISP2023Z,20231214,1316,30390,30390,30390,30390,0,5
ISP2023Z,20231214,1317,30395,30400,30395,30400,2,5
ISP2023Z,20231214,1318,30400,30400,30400,30400,0,2
ISP2023Z,20231214,1319,30405,30410,30405,30410,2,2
ISP2023Z,20231214,1320,30405,30405,30405,30405,1,4
ISP2023Z,20231214,1321,30405,30405,30405,30405,0,1
ISP2023Z,20231214,1322,30415,30415,30415,30415,1,2
ISP2023Z,20231214,1323,30415,30415,30410,30410,1,3
ISP2023Z,20231214,1324,30410,30410,30410,30410,0,5
ISP2023Z,20231214,1326,30415,30415,30415,30415,1,5
ISP2023Z,20231214,1327,30415,30420,30415,30415,2,8
ISP2023Z,20231214,1328,30415,30415,30415,30415,0,3
ISP2023Z,20231214,1329,30420,30420,30420,30420,1,1
ISP2023Z,20231214,1331,30420,30420,30420,30420,0,1
ISP2023Z,20231214,1333,30425,30425,30425,30425,1,2
ISP2023Z,20231214,1334,30440,30440,30440,30440,1,3
ISP2023Z,20231214,1337,30425,30425,30425,30425,1,3
ISP2023Z,20231214,1338,30430,30430,30430,30430,1,1
ISP2023Z,20231214,1339,30430,30430,30430,30430,0,2
ISP2023Z,20231214,1340,30430,30430,30430,30430,0,2
ISP2023Z,20231214,1341,30435,30435,30435,30435,1,1
ISP2023Z,20231214,1342,30430,30430,30430,30430,1,1
ISP2023Z,20231214,1343,30430,30435,30430,30435,1,5
ISP2023Z,20231214,1344,30440,30445,30440,30445,2,3
ISP2023Z,20231214,1345,30445,30445,30445,30445,0,1
ISP2023Z,20231214,1346,30450,30460,30450,30460,2,2
ISP2023Z,20231214,1347,30450,30450,30450,30450,1,2
ISP2023Z,20231214,1348,30450,30450,30450,30450,0,1
ISP2023Z,20231214,1353,30455,30455,30455,30455,1,6
ISP2023Z,20231214,1355,30455,30455,30455,30455,0,1
ISP2023Z,20231214,1356,30465,30465,30465,30465,1,1
ISP2023Z,20231214,1359,30460,30460,30460,30460,1,1
ISP2023Z,20231214,1400,30460,30465,30460,30465,1,5
ISP2023Z,20231214,1401,30465,30465,30465,30465,0,1
ISP2023Z,20231214,1404,30465,30465,30465,30465,0,1
ISP2023Z,20231214,1409,30475,30475,30475,30475,1,1
ISP2023Z,20231214,1411,30470,30470,30470,30470,1,1
ISP2023Z,20231214,1412,30470,30470,30470,30470,0,1
ISP2023Z,20231214,1414,30470,30470,30470,30470,0,1
ISP2023Z,20231214,1416,30470,30470,30470,30470,0,3
ISP2023Z,20231214,1417,30470,30470,30470,30470,0,3
ISP2023Z,20231214,1418,30460,30460,30460,30460,1,1
ISP2023Z,20231214,1419,30465,30465,30465,30465,1,2
ISP2023Z,20231214,1420,30465,30465,30465,30465,0,3
ISP2023Z,20231214,1421,30460,30460,30460,30460,1,4
ISP2023Z,20231214,1422,30460,30460,30460,30460,0,2
ISP2023Z,20231214,1423,30465,30465,30460,30460,2,7
ISP2023Z,20231214,1424,30460,30460,30460,30460,0,3
ISP2023Z,20231214,1425,30460,30465,30460,30465,1,8
ISP2023Z,20231214,1427,30465,30470,30465,30470,1,3
ISP2023Z,20231214,1428,30470,30470,30470,30470,0,1
ISP2023Z,20231214,1429,30475,30485,30470,30470,5,14
ISP2023Z,20231214,1430,30465,30465,30460,30460,2,3
ISP2023Z,20231214,1431,30455,30455,30455,30455,1,5
ISP2023Z,20231214,1432,30455,30465,30455,30455,3,12
ISP2023Z,20231214,1433,30460,30465,30460,30465,2,6
ISP2023Z,20231214,1434,30460,30475,30460,30470,7,26
ISP2023Z,20231214,1435,30475,30475,30465,30465,5,7
ISP2023Z,20231214,1436,30475,30480,30475,30480,2,5
ISP2023Z,20231214,1437,30480,30485,30480,30485,1,6
ISP2023Z,20231214,1438,30490,30495,30485,30485,8,17
ISP2023Z,20231214,1439,30485,30485,30485,30485,0,3
ISP2023Z,20231214,1440,30485,30490,30480,30480,3,10
ISP2023Z,20231214,1441,30480,30485,30475,30480,6,15
ISP2023Z,20231214,1442,30490,30505,30490,30495,6,33
ISP2023Z,20231214,1443,30495,30505,30495,30505,2,17
ISP2023Z,20231214,1444,30505,30510,30500,30500,3,16
ISP2023Z,20231214,1445,30505,30510,30505,30505,3,9
ISP2023Z,20231214,1446,30510,30510,30510,30510,1,6
ISP2023Z,20231214,1447,30515,30520,30515,30520,4,15
ISP2023Z,20231214,1448,30525,30530,30520,30525,4,12
ISP2023Z,20231214,1449,30525,30525,30515,30515,2,6
ISP2023Z,20231214,1450,30520,30565,30520,30555,16,44
ISP2023Z,20231214,1451,30555,30675,30555,30675,13,30
ISP2023Z,20231214,1452,30680,30680,30530,30615,16,36
ISP2023Z,20231214,1453,30615,30635,30605,30610,5,15
ISP2023Z,20231214,1454,30610,30635,30605,30610,7,14
ISP2023Z,20231214,1455,30605,30605,30600,30600,2,5
ISP2023Z,20231214,1456,30575,30585,30575,30585,2,3
ISP2023Z,20231214,1458,30590,30590,30565,30565,2,2
ISP2023Z,20231214,1459,30590,30595,30570,30570,3,4
ISP2023Z,20231215,0100,30495,30495,30495,30495,1,1
ISP2023Z,20231215,0101,30490,30490,30490,30490,1,1
ISP2023Z,20231215,0102,30495,30495,30495,30495,1,1
ISP2023Z,20231215,0106,30515,30520,30515,30520,2,2
ISP2023Z,20231215,0107,30525,30525,30525,30525,1,1
ISP2023Z,20231215,0109,30535,30540,30535,30540,2,3
ISP2023Z,20231215,0111,30545,30545,30545,30545,1,1
ISP2023Z,20231215,0112,30560,30560,30560,30560,1,1
ISP2023Z,20231215,0114,30560,30560,30560,30560,0,1
ISP2023Z,20231215,0115,30570,30570,30570,30570,1,2
ISP2023Z,20231215,0117,30580,30585,30580,30585,2,2
ISP2023Z,20231215,0119,30585,30590,30585,30590,1,3
ISP2023Z,20231215,0120,30590,30600,30580,30580,3,4
ISP2023Z,20231215,0121,30570,30570,30570,30570,1,3
ISP2023Z,20231215,0124,30560,30560,30540,30540,3,5
ISP2023Z,20231215,0129,30570,30570,30570,30570,1,3
ISP2023Z,20231215,0131,30575,30580,30575,30580,2,4
ISP2023Z,20231215,0132,30585,30590,30580,30580,3,6
ISP2023Z,20231215,0133,30580,30580,30580,30580,0,2
ISP2023Z,20231215,0134,30585,30590,30585,30590,2,2
ISP2023Z,20231215,0135,30590,30590,30590,30590,0,1
ISP2023Z,20231215,0136,30590,30590,30590,30590,0,1
ISP2023Z,20231215,0137,30590,30590,30590,30590,0,1
ISP2023Z,20231215,0140,30585,30585,30585,30585,1,2
ISP2023Z,20231215,0141,30590,30590,30590,30590,1,4
ISP2023Z,20231215,0142,30595,30595,30595,30595,1,2
ISP2023Z,20231215,0143,30600,30600,30600,30600,1,4
ISP2023Z,20231215,0146,30610,30610,30610,30610,1,1
ISP2023Z,20231215,0147,30615,30620,30615,30620,2,3
ISP2023Z,20231215,0150,30620,30635,30620,30635,1,2
ISP2023Z,20231215,0151,30600,30600,30570,30570,6,15
ISP2023Z,20231215,0152,30570,30570,30570,30570,0,6
ISP2023Z,20231215,0153,30570,30570,30550,30550,2,9
ISP2023Z,20231215,0154,30545,30545,30535,30535,3,3
ISP2023Z,20231215,0155,30555,30565,30545,30560,4,9
ISP2023Z,20231215,0156,30565,30570,30560,30565,4,5
ISP2023Z,20231215,0157,30560,30580,30555,30580,3,4
ISP2023Z,20231215,0158,30575,30575,30540,30540,11,13
ISP2023Z,20231215,0159,30535,30555,30535,30550,5,10
ISP2023Z,20231215,0200,30580,30595,30560,30560,5,6
ISP2023Z,20231215,0201,30590,30590,30590,30590,1,1
ISP2023Z,20231215,0203,30540,30540,30540,30540,1,1
ISP2023Z,20231215,0204,30545,30550,30535,30550,4,7
ISP2023Z,20231215,1038,30434,30434,30434,30434,1,0
